0000000009900000000000999900000000000444444000000999999999999990
0000000099000000000009999900000000004400004400009000000000000009
0000000990000000000099999900000000044000000440009000000000000909
0000009900000000000999999900000000440000000044009000000000009009
0000099000000000009999999900000000000000000044009000000000090009
0000990000000000000000999900000000000000000044009000000000900009
0009900000000000000000999900000000000000000440009000000009000009
0099000999900000000000999900000000000000004400009000000090000009
0099099000099000000000999900000000000000044000009000000900000009
0099900000009900000000999900000000000000440000009000009000000009
0099000000009900000000999900000000000004400000009000090000000009
0099000000009900000000999900000000000044000000009000900000000009
0099000000009000000000999900000000000440000000009009000000000009
0009900000099000000000999900000000004400000000009090000000000009
0000990000990000009999999999990000044000000000009000000000000009
0000099999000000009999999999990000444444444444000999999999999990
